 Vehicle
Eastbound 	Westbound 	Northbound 	Southbound 	
L 	T 	Total 	L 	T 	Total 	L 	T 	Total 	L 	T 	Total 	Vehicle Total
12:00 AM 	5 	17 	22 	1 	17 	18 	5 	6 	11 	4 	6 	10 	61
12:05 AM 	0 	16 	16 	4 	9 	13 	5 	7 	12 	6 	10 	16 	57
12:10 AM 	0 	13 	13 	5 	7 	12 	2 	11 	13 	10 	10 	20 	58
12:15 AM 	2 	14 	16 	4 	5 	9 	4 	12 	16 	4 	11 	15 	56
12:20 AM 	4 	19 	23 	1 	12 	13 	4 	15 	19 	8 	5 	13 	68
12:25 AM 	2 	20 	22 	3 	7 	10 	4 	14 	18 	6 	6 	12 	62
12:30 AM 	8 	18 	26 	2 	10 	12 	3 	7 	10 	4 	7 	11 	59
12:35 AM 	4 	13 	17 	1 	8 	9 	5 	7 	12 	1 	7 	8 	46
12:40 AM 	3 	8 	11 	1 	6 	7 	2 	8 	10 	4 	4 	8 	36
12:45 AM 	1 	9 	10 	3 	6 	9 	3 	8 	11 	2 	4 	6 	36
12:50 AM 	1 	15 	16 	1 	7 	8 	2 	9 	11 	5 	4 	9 	44
12:55 AM 	1 	13 	14 	3 	6 	9 	2 	8 	10 	4 	5 	9 	42
1:00 AM 	0 	8 	8 	2 	8 	10 	4 	10 	14 	3 	3 	6 	38
1:05 AM 	2 	12 	14 	3 	3 	6 	2 	7 	9 	2 	7 	9 	38
1:10 AM 	1 	5 	6 	1 	7 	8 	2 	3 	5 	2 	6 	8 	27
1:15 AM 	2 	14 	16 	1 	2 	3 	2 	8 	10 	4 	2 	6 	35
1:20 AM 	4 	11 	15 	3 	13 	16 	1 	5 	6 	5 	3 	8 	45
1:25 AM 	2 	15 	17 	4 	3 	7 	5 	6 	11 	1 	3 	4 	39
1:30 AM 	2 	9 	11 	3 	3 	6 	0 	7 	7 	2 	4 	6 	30
1:35 AM 	2 	7 	9 	1 	5 	6 	2 	6 	8 	1 	1 	2 	25
1:40 AM 	1 	4 	5 	2 	2 	4 	0 	3 	3 	4 	4 	8 	20
1:45 AM 	4 	13 	17 	3 	3 	6 	2 	10 	12 	0 	4 	4 	39
1:50 AM 	2 	8 	10 	4 	6 	10 	3 	5 	8 	1 	7 	8 	36
1:55 AM 	1 	10 	11 	3 	5 	8 	3 	5 	8 	2 	3 	5 	32
2:00 AM 	3 	17 	20 	2 	3 	5 	2 	6 	8 	5 	2 	7 	40
2:05 AM 	3 	17 	20 	3 	5 	8 	1 	7 	8 	6 	7 	13 	49
2:10 AM 	2 	13 	15 	2 	8 	10 	2 	9 	11 	1 	4 	5 	41
2:15 AM 	0 	6 	6 	3 	1 	4 	1 	8 	9 	1 	4 	5 	24
2:20 AM 	2 	7 	9 	4 	5 	9 	1 	4 	5 	2 	5 	7 	30
2:25 AM 	2 	8 	10 	4 	3 	7 	0 	7 	7 	0 	5 	5 	29
2:30 AM 	1 	7 	8 	1 	1 	2 	0 	1 	1 	3 	0 	3 	14
2:35 AM 	2 	5 	7 	2 	3 	5 	2 	5 	7 	4 	1 	5 	24
2:40 AM 	0 	9 	9 	2 	3 	5 	1 	3 	4 	3 	0 	3 	21
2:45 AM 	2 	9 	11 	0 	7 	7 	3 	4 	7 	3 	6 	9 	34
2:50 AM 	1 	1 	2 	0 	0 	0 	0 	1 	1 	0 	3 	3 	6
2:55 AM 	0 	3 	3 	0 	3 	3 	2 	4 	6 	0 	2 	2 	14
3:00 AM 	1 	5 	6 	1 	1 	2 	1 	3 	4 	0 	0 	0 	12
3:05 AM 	2 	2 	4 	0 	4 	4 	2 	1 	3 	1 	3 	4 	15
3:10 AM 	0 	2 	2 	0 	2 	2 	1 	2 	3 	2 	3 	5 	12
3:15 AM 	0 	4 	4 	1 	0 	1 	1 	3 	4 	1 	4 	5 	14
3:20 AM 	0 	5 	5 	4 	2 	6 	1 	5 	6 	5 	3 	8 	25
3:25 AM 	3 	3 	6 	1 	2 	3 	1 	1 	2 	1 	8 	9 	20
3:30 AM 	1 	4 	5 	1 	5 	6 	2 	9 	11 	2 	2 	4 	26
3:35 AM 	0 	4 	4 	0 	0 	0 	0 	0 	0 	3 	3 	6 	10
3:40 AM 	0 	1 	1 	0 	0 	0 	0 	3 	3 	3 	3 	6 	10
3:45 AM 	1 	2 	3 	0 	3 	3 	2 	3 	5 	1 	1 	2 	13
3:50 AM 	1 	2 	3 	1 	2 	3 	0 	2 	2 	1 	6 	7 	15
3:55 AM 	1 	2 	3 	1 	0 	1 	1 	2 	3 	2 	2 	4 	11
4:00 AM 	0 	5 	5 	0 	3 	3 	3 	5 	8 	1 	0 	1 	17
4:05 AM 	0 	3 	3 	0 	4 	4 	2 	3 	5 	0 	3 	3 	15
4:10 AM 	2 	6 	8 	1 	1 	2 	0 	0 	0 	5 	3 	8 	18
4:15 AM 	1 	6 	7 	0 	3 	3 	2 	3 	5 	1 	4 	5 	20
4:20 AM 	0 	1 	1 	0 	5 	5 	1 	1 	2 	0 	3 	3 	11
4:25 AM 	0 	3 	3 	0 	1 	1 	1 	9 	10 	2 	5 	7 	21
4:30 AM 	1 	5 	6 	0 	4 	4 	1 	7 	8 	2 	4 	6 	24
4:35 AM 	0 	0 	0 	0 	0 	0 	0 	5 	5 	0 	4 	4 	9
4:40 AM 	0 	4 	4 	0 	1 	1 	0 	4 	4 	0 	7 	7 	16
4:45 AM 	0 	3 	3 	0 	1 	1 	1 	1 	2 	3 	4 	7 	13
4:50 AM 	1 	8 	9 	1 	5 	6 	3 	10 	13 	2 	3 	5 	33
4:55 AM 	0 	5 	5 	4 	3 	7 	3 	8 	11 	1 	9 	10 	33
5:00 AM 	4 	7 	11 	2 	0 	2 	1 	6 	7 	0 	4 	4 	24
5:05 AM 	1 	4 	5 	1 	2 	3 	1 	6 	7 	5 	7 	12 	27
5:10 AM 	0 	1 	1 	3 	6 	9 	1 	4 	5 	0 	8 	8 	23
5:15 AM 	1 	7 	8 	1 	1 	2 	2 	5 	7 	7 	6 	13 	30
5:20 AM 	3 	4 	7 	2 	6 	8 	2 	7 	9 	2 	7 	9 	33
5:25 AM 	3 	8 	11 	3 	6 	9 	3 	7 	10 	3 	11 	14 	44
5:30 AM 	8 	5 	13 	2 	6 	8 	2 	5 	7 	4 	12 	16 	44
5:35 AM 	1 	6 	7 	3 	6 	9 	2 	11 	13 	3 	15 	18 	47
5:40 AM 	2 	12 	14 	3 	6 	9 	2 	9 	11 	2 	9 	11 	45
5:45 AM 	2 	7 	9 	3 	8 	11 	3 	7 	10 	3 	16 	19 	49
5:50 AM 	2 	6 	8 	2 	10 	12 	7 	11 	18 	5 	34 	39 	77
5:55 AM 	2 	6 	8 	3 	7 	10 	3 	12 	15 	2 	12 	14 	47
6:00 AM 	3 	11 	14 	1 	12 	13 	8 	11 	19 	1 	20 	21 	67
6:05 AM 	4 	14 	18 	4 	8 	12 	6 	8 	14 	7 	18 	25 	69
6:10 AM 	3 	18 	21 	2 	14 	16 	4 	9 	13 	5 	21 	26 	76
6:15 AM 	2 	8 	10 	4 	10 	14 	4 	12 	16 	4 	21 	25 	65
6:20 AM 	7 	20 	27 	3 	11 	14 	5 	17 	22 	6 	20 	26 	89
6:25 AM 	6 	28 	34 	4 	13 	17 	4 	14 	18 	3 	25 	28 	97
6:30 AM 	7 	20 	27 	3 	15 	18 	7 	12 	19 	6 	33 	39 	103
6:35 AM 	11 	23 	34 	4 	16 	20 	9 	15 	24 	4 	33 	37 	115
6:40 AM 	6 	27 	33 	2 	12 	14 	6 	14 	20 	5 	26 	31 	98
6:45 AM 	6 	18 	24 	1 	15 	16 	8 	23 	31 	7 	30 	37 	108
6:50 AM 	7 	34 	41 	6 	25 	31 	14 	15 	29 	5 	32 	37 	138
6:55 AM 	8 	40 	48 	4 	29 	33 	14 	22 	36 	9 	37 	46 	163
7:00 AM 	6 	37 	43 	2 	23 	25 	10 	15 	25 	11 	51 	62 	155
7:05 AM 	10 	39 	49 	4 	27 	31 	11 	14 	25 	6 	33 	39 	144
7:10 AM 	10 	53 	63 	5 	27 	32 	13 	23 	36 	7 	51 	58 	189
7:15 AM 	11 	51 	62 	6 	36 	42 	8 	14 	22 	10 	36 	46 	172
7:20 AM 	12 	35 	47 	3 	40 	43 	15 	25 	40 	9 	44 	53 	183
7:25 AM 	9 	40 	49 	6 	36 	42 	12 	28 	40 	6 	33 	39 	170
7:30 AM 	14 	46 	60 	8 	60 	68 	20 	17 	37 	8 	52 	60 	225
7:35 AM 	9 	43 	52 	4 	41 	45 	15 	30 	45 	11 	54 	65 	207
7:40 AM 	9 	62 	71 	5 	49 	54 	19 	40 	59 	9 	55 	64 	248
7:45 AM 	9 	83 	92 	3 	51 	54 	14 	18 	32 	11 	39 	50 	228
7:50 AM 	12 	89 	101 	4 	68 	72 	12 	17 	29 	8 	43 	51 	253
7:55 AM 	8 	76 	84 	7 	62 	69 	11 	31 	42 	6 	33 	39 	234
8:00 AM 	15 	65 	80 	5 	63 	68 	14 	28 	42 	7 	27 	34 	224
8:05 AM 	8 	68 	76 	6 	57 	63 	19 	27 	46 	12 	44 	56 	241
8:10 AM 	8 	78 	86 	4 	41 	45 	14 	44 	58 	12 	61 	73 	262
8:15 AM 	8 	67 	75 	5 	61 	66 	18 	39 	57 	6 	46 	52 	250
8:20 AM 	6 	79 	85 	4 	67 	71 	12 	38 	50 	8 	51 	59 	265
8:25 AM 	14 	79 	93 	7 	53 	60 	14 	31 	45 	12 	55 	67 	265
8:30 AM 	10 	73 	83 	6 	47 	53 	11 	25 	36 	12 	54 	66 	238
8:35 AM 	8 	42 	50 	4 	60 	64 	24 	36 	60 	7 	37 	44 	218
8:40 AM 	5 	46 	51 	4 	53 	57 	11 	35 	46 	5 	29 	34 	188
8:45 AM 	15 	91 	106 	3 	56 	59 	14 	37 	51 	13 	29 	42 	258
8:50 AM 	11 	68 	79 	6 	50 	56 	14 	38 	52 	11 	37 	48 	235
8:55 AM 	10 	53 	63 	4 	40 	44 	13 	34 	47 	10 	55 	65 	219
9:00 AM 	9 	60 	69 	5 	54 	59 	17 	41 	58 	8 	56 	64 	250
9:05 AM 	11 	61 	72 	3 	37 	40 	11 	30 	41 	15 	49 	64 	217
9:10 AM 	9 	50 	59 	5 	59 	64 	13 	35 	48 	7 	37 	44 	215
9:15 AM 	8 	64 	72 	5 	64 	69 	22 	28 	50 	6 	33 	39 	230
9:20 AM 	7 	52 	59 	4 	67 	71 	18 	32 	50 	7 	31 	38 	218
9:25 AM 	12 	60 	72 	5 	38 	43 	16 	24 	40 	5 	48 	53 	208
9:30 AM 	7 	52 	59 	4 	47 	51 	12 	26 	38 	15 	41 	56 	204
9:35 AM 	5 	53 	58 	6 	36 	42 	12 	28 	40 	10 	35 	45 	185
9:40 AM 	12 	72 	84 	3 	51 	54 	17 	27 	44 	12 	44 	56 	238
9:45 AM 	14 	67 	81 	5 	32 	37 	14 	27 	41 	8 	44 	52 	211
9:50 AM 	17 	58 	75 	3 	37 	40 	10 	23 	33 	10 	35 	45 	193
9:55 AM 	7 	57 	64 	7 	59 	66 	11 	31 	42 	12 	37 	49 	221
10:00 AM 	15 	77 	92 	6 	44 	50 	10 	21 	31 	7 	32 	39 	212
10:05 AM 	15 	39 	54 	2 	48 	50 	11 	30 	41 	6 	37 	43 	188
10:10 AM 	8 	73 	81 	5 	40 	45 	20 	28 	48 	7 	39 	46 	220
10:15 AM 	18 	122 	140 	2 	82 	84 	24 	46 	70 	20 	82 	102 	396
10:20 AM 	14 	108 	122 	8 	110 	118 	30 	64 	94 	18 	80 	98 	432
10:25 AM 	32 	138 	170 	6 	81 	87 	16 	45 	61 	20 	106 	126 	444
10:30 AM 	14 	66 	80 	4 	32 	36 	12 	28 	40 	8 	36 	44 	200
10:35 AM 	14 	55 	69 	4 	37 	41 	12 	31 	43 	8 	40 	48 	201
10:40 AM 	19 	62 	81 	4 	31 	35 	13 	21 	34 	7 	28 	35 	185
10:45 AM 	13 	64 	77 	5 	33 	38 	11 	32 	43 	9 	35 	44 	202
10:50 AM 	9 	66 	75 	1 	38 	39 	17 	24 	41 	15 	46 	61 	216
10:55 AM 	4 	55 	59 	5 	36 	41 	14 	41 	55 	7 	41 	48 	203
11:00 AM 	13 	75 	88 	3 	42 	45 	12 	26 	38 	15 	39 	54 	225
11:05 AM 	11 	80 	91 	2 	31 	33 	12 	26 	38 	11 	36 	47 	209
11:10 AM 	16 	65 	81 	2 	42 	44 	14 	26 	40 	10 	25 	35 	200
11:15 AM 	10 	58 	68 	4 	31 	35 	9 	31 	40 	5 	33 	38 	181
11:20 AM 	6 	45 	51 	6 	42 	48 	18 	27 	45 	10 	36 	46 	190
11:25 AM 	12 	53 	65 	2 	41 	43 	9 	33 	42 	12 	31 	43 	193
11:30 AM 	8 	70 	78 	4 	30 	34 	7 	27 	34 	14 	37 	51 	197
11:35 AM 	9 	66 	75 	4 	45 	49 	18 	32 	50 	11 	39 	50 	224
11:40 AM 	12 	63 	75 	6 	27 	33 	11 	27 	38 	10 	36 	46 	192
11:45 AM 	6 	71 	77 	2 	41 	43 	12 	21 	33 	17 	47 	64 	217
11:50 AM 	5 	68 	73 	3 	24 	27 	9 	27 	36 	13 	52 	65 	201
11:55 AM 	11 	74 	85 	4 	33 	37 	15 	33 	48 	8 	33 	41 	211
12:00 PM 	13 	78 	91 	6 	51 	57 	7 	24 	31 	8 	46 	54 	233
12:05 PM 	7 	58 	65 	5 	38 	43 	10 	34 	44 	9 	50 	59 	211
12:10 PM 	8 	74 	82 	4 	28 	32 	10 	49 	59 	14 	45 	59 	232
12:15 PM 	14 	68 	82 	2 	32 	34 	11 	21 	32 	10 	54 	64 	212
12:20 PM 	12 	80 	92 	3 	59 	62 	16 	33 	49 	14 	46 	60 	263
12:25 PM 	14 	73 	87 	3 	39 	42 	11 	23 	34 	9 	42 	51 	214
12:30 PM 	5 	72 	77 	5 	41 	46 	9 	30 	39 	9 	44 	53 	215
12:35 PM 	11 	81 	92 	5 	24 	29 	10 	48 	58 	9 	32 	41 	220
12:40 PM 	13 	56 	69 	2 	52 	54 	15 	32 	47 	9 	42 	51 	221
12:45 PM 	10 	71 	81 	5 	45 	50 	15 	34 	49 	10 	42 	52 	232
12:50 PM 	6 	74 	80 	3 	38 	41 	15 	23 	38 	16 	43 	59 	218
12:55 PM 	9 	67 	76 	3 	34 	37 	20 	39 	59 	11 	32 	43 	215
1:00 PM 	11 	66 	77 	6 	44 	50 	16 	35 	51 	12 	57 	69 	247
1:05 PM 	13 	78 	91 	1 	31 	32 	9 	25 	34 	14 	42 	56 	213
1:10 PM 	13 	84 	97 	4 	46 	50 	14 	21 	35 	7 	52 	59 	241
1:15 PM 	16 	85 	101 	5 	45 	50 	20 	14 	34 	5 	27 	32 	217
1:20 PM 	12 	86 	98 	7 	55 	62 	12 	37 	49 	11 	42 	53 	262
1:25 PM 	7 	61 	68 	5 	43 	48 	16 	27 	43 	6 	44 	50 	209
1:30 PM 	13 	74 	87 	7 	30 	37 	12 	28 	40 	9 	55 	64 	228
1:35 PM 	9 	67 	76 	2 	36 	38 	9 	32 	41 	11 	49 	60 	215
1:40 PM 	14 	89 	103 	3 	36 	39 	12 	25 	37 	7 	41 	48 	227
1:45 PM 	11 	78 	89 	5 	29 	34 	7 	23 	30 	16 	50 	66 	219
1:50 PM 	4 	70 	74 	6 	35 	41 	11 	34 	45 	12 	49 	61 	221
1:55 PM 	14 	71 	85 	6 	33 	39 	12 	37 	49 	12 	46 	58 	231
2:00 PM 	11 	67 	78 	6 	39 	45 	15 	37 	52 	7 	28 	35 	210
2:05 PM 	7 	85 	92 	4 	39 	43 	14 	26 	40 	17 	61 	78 	253
2:10 PM 	8 	64 	72 	3 	44 	47 	21 	27 	48 	12 	53 	65 	232
2:15 PM 	11 	79 	90 	0 	42 	42 	12 	21 	33 	8 	42 	50 	215
2:20 PM 	9 	74 	83 	3 	28 	31 	14 	30 	44 	15 	64 	79 	237
2:25 PM 	11 	87 	98 	4 	39 	43 	9 	38 	47 	15 	45 	60 	248
2:30 PM 	10 	78 	88 	2 	39 	41 	13 	15 	28 	18 	62 	80 	237
2:35 PM 	14 	79 	93 	3 	40 	43 	13 	29 	42 	11 	46 	57 	235
2:40 PM 	10 	68 	78 	4 	38 	42 	12 	32 	44 	6 	41 	47 	211
2:45 PM 	8 	68 	76 	4 	35 	39 	8 	27 	35 	16 	50 	66 	216
2:50 PM 	12 	88 	100 	5 	20 	25 	14 	27 	41 	11 	42 	53 	219
2:55 PM 	6 	60 	66 	7 	37 	44 	18 	23 	41 	5 	57 	62 	213
3:00 PM 	8 	95 	103 	4 	44 	48 	13 	31 	44 	10 	58 	68 	263
3:05 PM 	7 	73 	80 	7 	30 	37 	12 	19 	31 	13 	58 	71 	219
3:10 PM 	10 	76 	86 	4 	29 	33 	10 	25 	35 	11 	45 	56 	210
3:15 PM 	18 	83 	101 	3 	38 	41 	17 	24 	41 	10 	44 	54 	237
3:20 PM 	5 	71 	76 	6 	31 	37 	13 	34 	47 	9 	43 	52 	212
3:25 PM 	12 	99 	111 	2 	27 	29 	12 	42 	54 	10 	45 	55 	249
3:30 PM 	11 	78 	89 	3 	25 	28 	9 	31 	40 	12 	43 	55 	212
3:35 PM 	10 	83 	93 	3 	23 	26 	9 	14 	23 	11 	69 	80 	222
3:40 PM 	13 	84 	97 	4 	36 	40 	8 	11 	19 	7 	42 	49 	205
3:45 PM 	12 	54 	66 	4 	39 	43 	19 	29 	48 	11 	55 	66 	223
3:50 PM 	16 	97 	113 	5 	25 	30 	6 	13 	19 	19 	59 	78 	240
3:55 PM 	13 	101 	114 	4 	43 	47 	12 	12 	24 	12 	49 	61 	246
4:00 PM 	9 	83 	92 	1 	36 	37 	10 	24 	34 	16 	53 	69 	232
4:05 PM 	11 	87 	98 	4 	34 	38 	8 	28 	36 	18 	64 	82 	254
4:10 PM 	17 	98 	115 	3 	41 	44 	13 	25 	38 	7 	56 	63 	260
4:15 PM 	10 	81 	91 	2 	31 	33 	13 	26 	39 	13 	57 	70 	233
4:20 PM 	7 	102 	109 	2 	37 	39 	7 	18 	25 	15 	49 	64 	237
4:25 PM 	15 	178 	193 	8 	69 	77 	17 	23 	40 	36 	115 	151 	461
4:30 PM 	20 	190 	210 	8 	84 	92 	26 	56 	82 	20 	96 	116 	500
4:35 PM 	11 	103 	114 	2 	57 	59 	8 	21 	29 	25 	78 	103 	305
4:40 PM 	13 	104 	117 	6 	51 	57 	11 	20 	31 	14 	41 	55 	260
4:45 PM 	5 	93 	98 	3 	36 	39 	16 	15 	31 	14 	50 	64 	232
4:50 PM 	14 	97 	111 	2 	29 	31 	6 	27 	33 	19 	90 	109 	284
4:55 PM 	13 	116 	129 	1 	33 	34 	10 	27 	37 	19 	62 	81 	281
5:00 PM 	16 	190 	206 	8 	70 	78 	18 	78 	96 	34 	126 	160 	540
5:05 PM 	10 	188 	198 	2 	40 	42 	10 	30 	40 	24 	116 	140 	420
5:10 PM 	12 	141 	153 	9 	39 	48 	18 	23 	41 	13 	52 	65 	307
5:15 PM 	10 	93 	103 	2 	33 	35 	11 	24 	35 	14 	53 	67 	240
5:20 PM 	11 	105 	116 	2 	31 	33 	4 	30 	34 	19 	66 	85 	268
5:25 PM 	10 	106 	116 	5 	31 	36 	14 	24 	38 	12 	42 	54 	244
5:30 PM 	17 	93 	110 	3 	22 	25 	11 	29 	40 	14 	25 	39 	214
5:35 PM 	9 	113 	122 	1 	27 	28 	20 	29 	49 	25 	59 	84 	283
5:40 PM 	16 	98 	114 	1 	42 	43 	9 	30 	39 	11 	46 	57 	253
5:45 PM 	5 	64 	69 	3 	27 	30 	10 	35 	45 	8 	31 	39 	183
5:50 PM 	10 	87 	97 	2 	41 	43 	9 	33 	42 	12 	38 	50 	232
5:55 PM 	22 	113 	135 	1 	24 	25 	8 	28 	36 	5 	22 	27 	223
6:00 PM 	14 	88 	102 	3 	34 	37 	14 	47 	61 	12 	48 	60 	260
6:05 PM 	10 	113 	123 	1 	28 	29 	9 	21 	30 	12 	73 	85 	267
6:10 PM 	10 	100 	110 	3 	38 	41 	12 	21 	33 	19 	59 	78 	262
6:15 PM 	7 	88 	95 	3 	26 	29 	11 	24 	35 	13 	52 	65 	224
6:20 PM 	15 	98 	113 	2 	23 	25 	8 	20 	28 	12 	71 	83 	249
6:25 PM 	15 	91 	106 	6 	28 	34 	10 	14 	24 	8 	46 	54 	218
6:30 PM 	11 	85 	96 	3 	31 	34 	16 	23 	39 	10 	50 	60 	229
6:35 PM 	17 	113 	130 	2 	24 	26 	12 	20 	32 	20 	69 	89 	277
6:40 PM 	17 	101 	118 	7 	32 	39 	11 	24 	35 	16 	63 	79 	271
6:45 PM 	7 	84 	91 	7 	41 	48 	11 	19 	30 	9 	45 	54 	223
6:50 PM 	5 	81 	86 	4 	28 	32 	4 	18 	22 	14 	50 	64 	204
6:55 PM 	16 	97 	113 	7 	25 	32 	6 	16 	22 	14 	47 	61 	228
7:00 PM 	13 	88 	101 	2 	24 	26 	18 	23 	41 	11 	59 	70 	238
7:05 PM 	7 	65 	72 	5 	25 	30 	12 	18 	30 	9 	63 	72 	204
7:10 PM 	9 	84 	93 	4 	35 	39 	15 	28 	43 	12 	50 	62 	237
7:15 PM 	9 	77 	86 	1 	42 	43 	16 	21 	37 	12 	45 	57 	223
7:20 PM 	9 	84 	93 	6 	29 	35 	13 	28 	41 	12 	45 	57 	226
7:25 PM 	10 	64 	74 	3 	26 	29 	10 	27 	37 	9 	51 	60 	200
7:30 PM 	6 	70 	76 	5 	26 	31 	11 	28 	39 	10 	50 	60 	206
7:35 PM 	3 	66 	69 	4 	28 	32 	8 	24 	32 	22 	49 	71 	204
7:40 PM 	8 	68 	76 	7 	27 	34 	17 	31 	48 	11 	51 	62 	220
7:45 PM 	5 	72 	77 	7 	35 	42 	11 	30 	41 	11 	57 	68 	228
7:50 PM 	5 	63 	68 	3 	38 	41 	11 	27 	38 	13 	50 	63 	210
7:55 PM 	10 	56 	66 	9 	31 	40 	13 	15 	28 	9 	38 	47 	181
8:00 PM 	9 	61 	70 	4 	35 	39 	9 	21 	30 	6 	33 	39 	178
8:05 PM 	8 	64 	72 	6 	34 	40 	13 	25 	38 	12 	54 	66 	216
8:10 PM 	5 	67 	72 	4 	40 	44 	12 	33 	45 	8 	28 	36 	197
8:15 PM 	15 	81 	96 	6 	42 	48 	14 	19 	33 	8 	43 	51 	228
8:20 PM 	13 	70 	83 	4 	30 	34 	9 	23 	32 	10 	47 	57 	206
8:25 PM 	9 	61 	70 	5 	31 	36 	16 	25 	41 	12 	37 	49 	196
8:30 PM 	6 	59 	65 	7 	49 	56 	13 	17 	30 	12 	36 	48 	199
8:35 PM 	6 	53 	59 	8 	37 	45 	10 	26 	36 	10 	40 	50 	190
8:40 PM 	9 	58 	67 	3 	23 	26 	7 	27 	34 	19 	48 	67 	194
8:45 PM 	2 	50 	52 	5 	30 	35 	10 	17 	27 	15 	38 	53 	167
8:50 PM 	13 	70 	83 	4 	41 	45 	11 	26 	37 	6 	27 	33 	198
8:55 PM 	6 	56 	62 	5 	25 	30 	8 	18 	26 	9 	34 	43 	161
9:00 PM 	16 	61 	77 	7 	38 	45 	15 	27 	42 	4 	29 	33 	197
9:05 PM 	11 	53 	64 	5 	44 	49 	9 	26 	35 	13 	34 	47 	195
9:10 PM 	10 	44 	54 	6 	46 	52 	11 	18 	29 	12 	31 	43 	178
9:15 PM 	5 	43 	48 	5 	36 	41 	9 	15 	24 	8 	27 	35 	148
9:20 PM 	7 	53 	60 	8 	31 	39 	9 	22 	31 	12 	31 	43 	173
9:25 PM 	10 	53 	63 	6 	25 	31 	8 	21 	29 	10 	30 	40 	163
9:30 PM 	9 	50 	59 	5 	34 	39 	10 	26 	36 	12 	26 	38 	172
9:35 PM 	16 	58 	74 	1 	36 	37 	6 	14 	20 	11 	36 	47 	178
9:40 PM 	13 	58 	71 	6 	29 	35 	7 	17 	24 	8 	32 	40 	170
9:45 PM 	10 	40 	50 	1 	24 	25 	7 	20 	27 	5 	19 	24 	126
9:50 PM 	7 	39 	46 	5 	33 	38 	10 	19 	29 	13 	33 	46 	159
9:55 PM 	6 	40 	46 	2 	31 	33 	10 	20 	30 	8 	26 	34 	143
10:00 PM 	8 	44 	52 	4 	34 	38 	9 	18 	27 	10 	34 	44 	161
10:05 PM 	6 	41 	47 	3 	16 	19 	7 	24 	31 	11 	29 	40 	137
10:10 PM 	10 	48 	58 	3 	26 	29 	13 	21 	34 	18 	24 	42 	163
10:15 PM 	5 	39 	44 	3 	31 	34 	10 	17 	27 	8 	37 	45 	150
10:20 PM 	7 	43 	50 	2 	29 	31 	7 	17 	24 	5 	26 	31 	136
10:25 PM 	6 	37 	43 	4 	36 	40 	10 	13 	23 	6 	29 	35 	141
10:30 PM 	7 	39 	46 	5 	38 	43 	10 	13 	23 	6 	17 	23 	135
10:35 PM 	9 	41 	50 	5 	39 	44 	10 	21 	31 	9 	21 	30 	155
10:40 PM 	5 	29 	34 	5 	36 	41 	7 	13 	20 	7 	24 	31 	126
10:45 PM 	8 	30 	38 	4 	37 	41 	7 	16 	23 	8 	24 	32 	134
10:50 PM 	7 	34 	41 	4 	36 	40 	12 	13 	25 	14 	21 	35 	141
10:55 PM 	11 	36 	47 	3 	41 	44 	7 	19 	26 	8 	24 	32 	149
11:00 PM 	2 	10 	12 	0 	20 	20 	5 	7 	12 	4 	14 	18 	62
11:05 PM 	0 	0 	0 	0 	0 	0 	0 	0 	0 	0 	0 	0 	0
11:10 PM 	0 	0 	0 	0 	0 	0 	0 	0 	0 	0 	0 	0 	0
11:15 PM 	0 	0 	0 	0 	0 	0 	0 	0 	0 	0 	0 	0 	0
11:20 PM 	0 	0 	0 	0 	0 	0 	0 	0 	0 	0 	0 	0 	0
11:25 PM 	0 	0 	0 	0 	0 	0 	0 	0 	0 	0 	0 	0 	0
11:30 PM 	0 	0 	0 	0 	0 	0 	0 	0 	0 	0 	0 	0 	0
11:35 PM 	0 	0 	0 	0 	0 	0 	0 	0 	0 	0 	0 	0 	0
11:40 PM 	0 	0 	0 	0 	0 	0 	0 	0 	0 	0 	0 	0 	0
11:45 PM 	0 	0 	0 	0 	0 	0 	0 	0 	0 	0 	0 	0 	0
11:50 PM 	0 	0 	0 	0 	0 	0 	0 	0 	0 	0 	0 	0 	0
11:55 PM 	0 	0 	0 	0 	0 	0 	0 	0 	0 	0 	0 	0 	0
Total 	2189 	14878 	17067 	973 	7994 	8967 	2601 	5730 	8331 	2440 	9478 	11918 	46283