Eastbound 	Westbound 	Northbound 	Southbound 	
L 	T 	Total 	L 	T 	Total 	L 	T 	Total 	L 	T 	Total 	Vehicle Total
12:00 AM 	3 	27 	30 	0 	17 	17 	6 	29 	35 	9 	10 	19 	101
12:05 AM 	3 	12 	15 	2 	15 	17 	7 	28 	35 	2 	12 	14 	81
12:10 AM 	6 	12 	18 	2 	21 	23 	7 	42 	49 	7 	9 	16 	106
12:15 AM 	5 	19 	24 	3 	16 	19 	6 	33 	39 	1 	12 	13 	95
12:20 AM 	5 	16 	21 	1 	13 	14 	5 	47 	52 	9 	7 	16 	103
12:25 AM 	3 	21 	24 	4 	13 	17 	3 	50 	53 	10 	8 	18 	112
12:30 AM 	2 	15 	17 	1 	17 	18 	6 	53 	59 	8 	5 	13 	107
12:35 AM 	5 	12 	17 	3 	19 	22 	6 	36 	42 	2 	7 	9 	90
12:40 AM 	12 	40 	52 	4 	23 	27 	3 	42 	45 	3 	5 	8 	132
12:45 AM 	0 	39 	39 	2 	29 	31 	7 	31 	38 	3 	4 	7 	115
12:50 AM 	1 	35 	36 	2 	21 	23 	6 	42 	48 	2 	6 	8 	115
12:55 AM 	1 	12 	13 	4 	3 	7 	0 	52 	52 	4 	4 	8 	80
1:00 AM 	1 	14 	15 	0 	6 	6 	2 	20 	22 	6 	7 	13 	56
1:05 AM 	4 	20 	24 	2 	9 	11 	2 	30 	32 	8 	9 	17 	84
1:10 AM 	3 	8 	11 	2 	10 	12 	3 	28 	31 	3 	2 	5 	59
1:15 AM 	2 	11 	13 	0 	4 	4 	2 	40 	42 	1 	4 	5 	64
1:20 AM 	3 	15 	18 	3 	10 	13 	4 	38 	42 	3 	8 	11 	84
1:25 AM 	2 	10 	12 	5 	6 	11 	1 	40 	41 	3 	2 	5 	69
1:30 AM 	7 	14 	21 	4 	6 	10 	2 	36 	38 	4 	4 	8 	77
1:35 AM 	2 	15 	17 	2 	6 	8 	5 	53 	58 	2 	4 	6 	89
1:40 AM 	3 	7 	10 	2 	10 	12 	2 	36 	38 	3 	3 	6 	66
1:45 AM 	0 	10 	10 	1 	2 	3 	1 	51 	52 	6 	3 	9 	74
1:50 AM 	3 	10 	13 	2 	7 	9 	1 	54 	55 	5 	6 	11 	88
1:55 AM 	2 	10 	12 	1 	5 	6 	1 	38 	39 	0 	4 	4 	61
2:00 AM 	1 	2 	3 	1 	5 	6 	0 	49 	49 	1 	2 	3 	61
2:05 AM 	1 	10 	11 	0 	4 	4 	2 	45 	47 	4 	3 	7 	69
2:10 AM 	0 	3 	3 	1 	5 	6 	2 	36 	38 	2 	1 	3 	50
2:15 AM 	2 	6 	8 	0 	1 	1 	2 	40 	42 	1 	1 	2 	53
2:20 AM 	6 	14 	20 	1 	3 	4 	1 	49 	50 	5 	5 	10 	84
2:25 AM 	4 	8 	12 	2 	5 	7 	3 	42 	45 	1 	2 	3 	67
2:30 AM 	5 	10 	15 	0 	9 	9 	1 	35 	36 	2 	3 	5 	65
2:35 AM 	2 	8 	10 	2 	4 	6 	1 	51 	52 	1 	2 	3 	71
2:40 AM 	5 	6 	11 	1 	4 	5 	1 	46 	47 	0 	3 	3 	66
2:45 AM 	3 	5 	8 	0 	3 	3 	1 	50 	51 	3 	0 	3 	65
2:50 AM 	2 	8 	10 	0 	2 	2 	0 	53 	53 	2 	1 	3 	68
2:55 AM 	1 	5 	6 	1 	2 	3 	1 	53 	54 	1 	6 	7 	70
3:00 AM 	1 	4 	5 	1 	4 	5 	0 	31 	31 	4 	3 	7 	48
3:05 AM 	1 	4 	5 	0 	2 	2 	0 	44 	44 	0 	1 	1 	52
3:10 AM 	2 	7 	9 	3 	1 	4 	0 	39 	39 	2 	1 	3 	55
3:15 AM 	1 	7 	8 	2 	1 	3 	2 	54 	56 	3 	4 	7 	74
3:20 AM 	0 	0 	0 	0 	3 	3 	0 	54 	54 	1 	0 	1 	58
3:25 AM 	1 	2 	3 	0 	1 	1 	0 	49 	49 	1 	1 	2 	55
3:30 AM 	0 	0 	0 	1 	2 	3 	0 	65 	65 	0 	1 	1 	69
3:35 AM 	1 	3 	4 	0 	2 	2 	0 	45 	45 	2 	2 	4 	55
3:40 AM 	2 	4 	6 	0 	2 	2 	1 	52 	53 	0 	2 	2 	63
3:45 AM 	0 	2 	2 	0 	1 	1 	0 	28 	28 	2 	3 	5 	36
3:50 AM 	2 	3 	5 	0 	1 	1 	1 	32 	33 	0 	3 	3 	42
3:55 AM 	0 	2 	2 	1 	1 	2 	1 	40 	41 	2 	0 	2 	47
4:00 AM 	0 	2 	2 	0 	3 	3 	0 	12 	12 	2 	0 	2 	19
4:05 AM 	0 	1 	1 	1 	1 	2 	0 	29 	29 	0 	5 	5 	37
4:10 AM 	1 	6 	7 	0 	0 	0 	0 	32 	32 	3 	0 	3 	42
4:15 AM 	1 	1 	2 	1 	3 	4 	3 	27 	30 	0 	5 	5 	41
4:20 AM 	1 	1 	2 	0 	1 	1 	0 	29 	29 	0 	0 	0 	32
4:25 AM 	0 	1 	1 	0 	2 	2 	0 	49 	49 	0 	1 	1 	53
4:30 AM 	1 	1 	2 	0 	3 	3 	4 	14 	18 	2 	3 	5 	28
4:35 AM 	1 	4 	5 	0 	3 	3 	3 	12 	15 	0 	3 	3 	26
4:40 AM 	2 	3 	5 	0 	4 	4 	3 	13 	16 	1 	4 	5 	30
4:45 AM 	0 	2 	2 	0 	2 	2 	1 	29 	30 	1 	6 	7 	41
4:50 AM 	0 	2 	2 	0 	3 	3 	1 	35 	36 	1 	7 	8 	49
4:55 AM 	2 	8 	10 	1 	3 	4 	0 	42 	42 	6 	5 	11 	67
5:00 AM 	3 	8 	11 	0 	3 	3 	1 	34 	35 	4 	5 	9 	58
5:05 AM 	1 	9 	10 	2 	2 	4 	1 	58 	59 	2 	2 	4 	77
5:10 AM 	2 	3 	5 	1 	4 	5 	1 	30 	31 	1 	11 	12 	53
5:15 AM 	0 	6 	6 	1 	3 	4 	1 	30 	31 	4 	7 	11 	52
5:20 AM 	0 	6 	6 	1 	3 	4 	3 	35 	38 	0 	9 	9 	57
5:25 AM 	4 	6 	10 	1 	1 	2 	4 	55 	59 	3 	15 	18 	89
5:30 AM 	3 	7 	10 	2 	3 	5 	1 	40 	41 	3 	10 	13 	69
5:35 AM 	2 	8 	10 	2 	6 	8 	3 	35 	38 	5 	11 	16 	72
5:40 AM 	1 	9 	10 	1 	6 	7 	3 	34 	37 	1 	10 	11 	65
5:45 AM 	4 	11 	15 	1 	9 	10 	4 	34 	38 	5 	8 	13 	76
5:50 AM 	4 	14 	18 	2 	9 	11 	7 	32 	39 	8 	11 	19 	87
5:55 AM 	2 	11 	13 	1 	10 	11 	1 	27 	28 	7 	16 	23 	75
6:00 AM 	3 	9 	12 	2 	5 	7 	5 	22 	27 	3 	12 	15 	61
6:05 AM 	5 	10 	15 	1 	6 	7 	3 	22 	25 	6 	24 	30 	77
6:10 AM 	3 	10 	13 	1 	10 	11 	8 	23 	31 	7 	15 	22 	77
6:15 AM 	4 	12 	16 	6 	9 	15 	6 	17 	23 	6 	12 	18 	72
6:20 AM 	5 	19 	24 	5 	12 	17 	11 	20 	31 	5 	21 	26 	98
6:25 AM 	3 	19 	22 	2 	18 	20 	5 	34 	39 	4 	18 	22 	103
6:30 AM 	9 	19 	28 	2 	8 	10 	5 	16 	21 	5 	14 	19 	78
6:35 AM 	5 	19 	24 	2 	18 	20 	8 	18 	26 	8 	27 	35 	105
6:40 AM 	4 	19 	23 	4 	15 	19 	9 	34 	43 	6 	19 	25 	110
6:45 AM 	7 	15 	22 	4 	14 	18 	9 	32 	41 	8 	40 	48 	129
6:50 AM 	7 	38 	45 	5 	21 	26 	5 	23 	28 	10 	32 	42 	141
6:55 AM 	8 	33 	41 	5 	23 	28 	13 	17 	30 	9 	39 	48 	147
7:00 AM 	7 	43 	50 	4 	22 	26 	9 	27 	36 	11 	36 	47 	159
7:05 AM 	12 	38 	50 	5 	24 	29 	7 	34 	41 	10 	42 	52 	172
7:10 AM 	9 	40 	49 	5 	12 	17 	10 	21 	31 	10 	32 	42 	139
7:15 AM 	12 	45 	57 	4 	36 	40 	12 	30 	42 	7 	31 	38 	177
7:20 AM 	14 	45 	59 	6 	36 	42 	17 	28 	45 	7 	27 	34 	180
7:25 AM 	5 	48 	53 	2 	35 	37 	13 	27 	40 	9 	30 	39 	169
7:30 AM 	7 	57 	64 	5 	26 	31 	9 	25 	34 	13 	41 	54 	183
7:35 AM 	10 	54 	64 	5 	36 	41 	11 	29 	40 	9 	42 	51 	196
7:40 AM 	8 	51 	59 	6 	48 	54 	16 	28 	44 	9 	40 	49 	206
7:45 AM 	10 	59 	69 	7 	47 	54 	11 	34 	45 	14 	49 	63 	231
7:50 AM 	12 	69 	81 	5 	50 	55 	17 	27 	44 	10 	32 	42 	222
7:55 AM 	11 	72 	83 	4 	58 	62 	19 	24 	43 	9 	47 	56 	244
8:00 AM 	10 	73 	83 	6 	61 	67 	16 	32 	48 	8 	39 	47 	245
8:05 AM 	17 	62 	79 	6 	58 	64 	14 	31 	45 	16 	46 	62 	250
8:10 AM 	14 	66 	80 	3 	52 	55 	19 	29 	48 	25 	65 	90 	273
8:15 AM 	6 	46 	52 	5 	49 	54 	12 	35 	47 	9 	50 	59 	212
8:20 AM 	8 	76 	84 	4 	69 	73 	15 	27 	42 	8 	35 	43 	242
8:25 AM 	13 	74 	87 	5 	46 	51 	7 	35 	42 	9 	50 	59 	239
8:30 AM 	12 	60 	72 	5 	55 	60 	12 	31 	43 	13 	52 	65 	240
8:35 AM 	13 	58 	71 	4 	49 	53 	14 	29 	43 	5 	45 	50 	217
8:40 AM 	15 	60 	75 	4 	58 	62 	16 	42 	58 	7 	38 	45 	240
8:45 AM 	11 	68 	79 	5 	43 	48 	15 	35 	50 	11 	34 	45 	222
8:50 AM 	10 	82 	92 	2 	41 	43 	17 	38 	55 	11 	44 	55 	245
8:55 AM 	13 	61 	74 	6 	59 	65 	13 	46 	59 	8 	33 	41 	239
9:00 AM 	12 	69 	81 	3 	51 	54 	17 	35 	52 	12 	63 	75 	262
9:05 AM 	14 	68 	82 	5 	36 	41 	7 	37 	44 	14 	56 	70 	237
9:10 AM 	17 	69 	86 	3 	49 	52 	15 	33 	48 	9 	56 	65 	251
9:15 AM 	9 	54 	63 	5 	50 	55 	25 	35 	60 	4 	41 	45 	223
9:20 AM 	5 	54 	59 	6 	32 	38 	11 	49 	60 	11 	47 	58 	215
9:25 AM 	8 	63 	71 	8 	31 	39 	14 	27 	41 	12 	52 	64 	215
9:30 AM 	11 	50 	61 	3 	41 	44 	19 	32 	51 	12 	49 	61 	217
9:35 AM 	9 	57 	66 	5 	45 	50 	16 	40 	56 	5 	44 	49 	221
9:40 AM 	11 	70 	81 	4 	34 	38 	14 	31 	45 	11 	44 	55 	219
9:45 AM 	14 	61 	75 	8 	44 	52 	13 	32 	45 	9 	62 	71 	243
9:50 AM 	10 	47 	57 	3 	26 	29 	9 	22 	31 	11 	42 	53 	170
9:55 AM 	15 	56 	71 	8 	23 	31 	11 	36 	47 	7 	43 	50 	199
10:00 AM 	10 	41 	51 	3 	22 	25 	9 	32 	41 	5 	42 	47 	164
10:05 AM 	19 	63 	82 	10 	27 	37 	15 	35 	50 	10 	56 	66 	235
10:10 AM 	10 	57 	67 	8 	28 	36 	11 	20 	31 	8 	46 	54 	188
10:15 AM 	11 	51 	62 	4 	27 	31 	15 	29 	44 	9 	47 	56 	193
10:20 AM 	5 	61 	66 	7 	32 	39 	15 	33 	48 	11 	56 	67 	220
10:25 AM 	14 	68 	82 	3 	28 	31 	8 	28 	36 	17 	63 	80 	229
10:30 AM 	10 	60 	70 	4 	18 	22 	6 	22 	28 	8 	44 	52 	172
10:35 AM 	15 	63 	78 	3 	38 	41 	12 	23 	35 	11 	32 	43 	197
10:40 AM 	19 	60 	79 	6 	26 	32 	12 	32 	44 	7 	36 	43 	198
10:45 AM 	12 	83 	95 	5 	37 	42 	13 	38 	51 	18 	54 	72 	260
10:50 AM 	16 	59 	75 	3 	40 	43 	13 	28 	41 	8 	42 	50 	209
10:55 AM 	7 	70 	77 	3 	21 	24 	14 	18 	32 	11 	44 	55 	188
11:00 AM 	8 	61 	69 	3 	28 	31 	10 	24 	34 	12 	42 	54 	188
11:05 AM 	24 	80 	104 	3 	39 	42 	10 	26 	36 	12 	50 	62 	244
11:10 AM 	15 	74 	89 	7 	26 	33 	16 	22 	38 	15 	41 	56 	216
11:15 AM 	3 	57 	60 	4 	32 	36 	10 	28 	38 	4 	39 	43 	177
11:20 AM 	13 	66 	79 	2 	33 	35 	11 	29 	40 	14 	35 	49 	203
11:25 AM 	9 	67 	76 	5 	24 	29 	12 	28 	40 	10 	48 	58 	203
11:30 AM 	6 	68 	74 	7 	25 	32 	5 	26 	31 	13 	45 	58 	195
11:35 AM 	15 	60 	75 	5 	41 	46 	15 	29 	44 	12 	47 	59 	224
11:40 AM 	10 	68 	78 	5 	38 	43 	10 	36 	46 	20 	44 	64 	231
11:45 AM 	14 	89 	103 	4 	35 	39 	18 	24 	42 	11 	49 	60 	244
11:50 AM 	13 	76 	89 	9 	39 	48 	10 	27 	37 	9 	47 	56 	230
11:55 AM 	9 	66 	75 	6 	45 	51 	10 	35 	45 	6 	51 	57 	228
12:00 PM 	14 	47 	61 	7 	37 	44 	14 	23 	37 	10 	45 	55 	197
12:05 PM 	11 	74 	85 	4 	42 	46 	14 	34 	48 	10 	41 	51 	230
12:10 PM 	6 	64 	70 	4 	32 	36 	18 	19 	37 	10 	48 	58 	201
12:15 PM 	10 	56 	66 	3 	46 	49 	12 	18 	30 	14 	39 	53 	198
12:20 PM 	10 	79 	89 	2 	40 	42 	15 	26 	41 	7 	54 	61 	233
12:25 PM 	7 	74 	81 	3 	42 	45 	13 	25 	38 	8 	56 	64 	228
12:30 PM 	13 	70 	83 	6 	42 	48 	19 	18 	37 	10 	38 	48 	216
12:35 PM 	9 	64 	73 	9 	51 	60 	20 	22 	42 	10 	36 	46 	221
12:40 PM 	15 	54 	69 	6 	40 	46 	13 	24 	37 	11 	31 	42 	194
12:45 PM 	16 	81 	97 	5 	44 	49 	14 	38 	52 	9 	38 	47 	245
12:50 PM 	6 	60 	66 	7 	25 	32 	12 	30 	42 	13 	31 	44 	184
12:55 PM 	15 	80 	95 	2 	26 	28 	16 	23 	39 	11 	40 	51 	213
1:00 PM 	10 	84 	94 	3 	38 	41 	10 	39 	49 	14 	45 	59 	243
1:05 PM 	10 	65 	75 	9 	34 	43 	15 	26 	41 	10 	51 	61 	220
1:10 PM 	17 	60 	77 	4 	29 	33 	6 	36 	42 	10 	54 	64 	216
1:15 PM 	13 	61 	74 	5 	35 	40 	15 	29 	44 	7 	34 	41 	199
1:20 PM 	9 	69 	78 	4 	34 	38 	8 	32 	40 	11 	40 	51 	207
1:25 PM 	7 	70 	77 	5 	43 	48 	14 	32 	46 	12 	47 	59 	230
1:30 PM 	7 	69 	76 	5 	38 	43 	18 	30 	48 	7 	67 	74 	241
1:35 PM 	11 	72 	83 	4 	43 	47 	14 	25 	39 	18 	53 	71 	240
1:40 PM 	15 	97 	112 	4 	44 	48 	11 	36 	47 	18 	83 	101 	308
1:45 PM 	15 	73 	88 	5 	46 	51 	16 	31 	47 	13 	57 	70 	256
1:50 PM 	9 	75 	84 	4 	37 	41 	12 	23 	35 	10 	62 	72 	232
1:55 PM 	10 	66 	76 	6 	31 	37 	10 	29 	39 	4 	43 	47 	199
2:00 PM 	7 	60 	67 	8 	37 	45 	15 	28 	43 	8 	33 	41 	196
2:05 PM 	9 	70 	79 	5 	34 	39 	14 	28 	42 	22 	56 	78 	238
2:10 PM 	8 	65 	73 	4 	34 	38 	13 	16 	29 	12 	64 	76 	216
2:15 PM 	11 	84 	95 	3 	37 	40 	10 	34 	44 	12 	63 	75 	254
2:20 PM 	11 	87 	98 	4 	25 	29 	9 	32 	41 	10 	61 	71 	239
2:25 PM 	19 	102 	121 	4 	36 	40 	10 	27 	37 	15 	51 	66 	264
2:30 PM 	18 	105 	123 	5 	33 	38 	13 	25 	38 	5 	42 	47 	246
2:35 PM 	17 	95 	112 	3 	39 	42 	13 	25 	38 	12 	46 	58 	250
2:40 PM 	13 	93 	106 	3 	42 	45 	16 	30 	46 	7 	35 	42 	239
2:45 PM 	12 	68 	80 	3 	45 	48 	16 	23 	39 	10 	60 	70 	237
2:50 PM 	13 	73 	86 	1 	26 	27 	14 	40 	54 	11 	59 	70 	237
2:55 PM 	9 	63 	72 	3 	31 	34 	24 	35 	59 	15 	55 	70 	235
3:00 PM 	10 	76 	86 	3 	49 	52 	13 	19 	32 	12 	59 	71 	241
3:05 PM 	17 	94 	111 	1 	49 	50 	11 	22 	33 	9 	35 	44 	238
3:10 PM 	11 	96 	107 	3 	41 	44 	15 	24 	39 	13 	55 	68 	258
3:15 PM 	14 	96 	110 	0 	44 	44 	7 	33 	40 	11 	43 	54 	248
3:20 PM 	15 	80 	95 	6 	33 	39 	11 	29 	40 	11 	59 	70 	244
3:25 PM 	13 	92 	105 	5 	34 	39 	14 	32 	46 	10 	51 	61 	251
3:30 PM 	11 	79 	90 	3 	34 	37 	12 	11 	23 	9 	61 	70 	220
3:35 PM 	9 	110 	119 	3 	20 	23 	8 	9 	17 	14 	68 	82 	241
3:40 PM 	16 	105 	121 	4 	41 	45 	12 	15 	27 	12 	40 	52 	245
3:45 PM 	9 	82 	91 	6 	24 	30 	12 	17 	29 	15 	45 	60 	210
3:50 PM 	2 	108 	110 	2 	23 	25 	8 	20 	28 	15 	66 	81 	244
3:55 PM 	13 	100 	113 	8 	44 	52 	14 	20 	34 	10 	41 	51 	250
4:00 PM 	7 	86 	93 	5 	30 	35 	14 	27 	41 	12 	41 	53 	222
4:05 PM 	16 	92 	108 	4 	30 	34 	7 	23 	30 	10 	68 	78 	250
4:10 PM 	19 	105 	124 	4 	29 	33 	11 	15 	26 	5 	38 	43 	226
4:15 PM 	12 	96 	108 	3 	36 	39 	10 	29 	39 	7 	54 	61 	247
4:20 PM 	7 	92 	99 	0 	38 	38 	6 	24 	30 	13 	81 	94 	261
4:25 PM 	10 	91 	101 	6 	39 	45 	15 	23 	38 	7 	58 	65 	249
4:30 PM 	10 	93 	103 	2 	41 	43 	11 	17 	28 	10 	59 	69 	243
4:35 PM 	14 	102 	116 	1 	21 	22 	5 	12 	17 	9 	65 	74 	229
4:40 PM 	10 	106 	116 	2 	44 	46 	12 	20 	32 	6 	50 	56 	250
4:45 PM 	10 	107 	117 	5 	29 	34 	11 	24 	35 	5 	52 	57 	243
4:50 PM 	12 	109 	121 	6 	25 	31 	10 	22 	32 	10 	65 	75 	259
4:55 PM 	11 	105 	116 	2 	34 	36 	13 	23 	36 	12 	49 	61 	249
5:00 PM 	10 	98 	108 	3 	29 	32 	12 	20 	32 	9 	45 	54 	226
5:05 PM 	19 	181 	200 	1 	54 	55 	14 	54 	68 	21 	126 	147 	470
5:10 PM 	18 	190 	208 	2 	86 	88 	26 	36 	62 	18 	96 	114 	472
5:15 PM 	30 	156 	186 	6 	50 	56 	24 	48 	72 	14 	76 	90 	404
5:20 PM 	22 	179 	201 	2 	48 	50 	4 	49 	53 	19 	143 	162 	466
5:25 PM 	52 	224 	276 	6 	96 	102 	26 	34 	60 	20 	86 	106 	544
5:30 PM 	24 	173 	197 	6 	64 	70 	20 	47 	67 	37 	103 	140 	474
5:35 PM 	20 	132 	152 	3 	31 	34 	5 	30 	35 	32 	104 	136 	357
5:40 PM 	26 	200 	226 	4 	79 	83 	14 	75 	89 	20 	111 	131 	529
5:45 PM 	11 	112 	123 	4 	31 	35 	9 	29 	38 	12 	82 	94 	290
5:50 PM 	12 	110 	122 	2 	29 	31 	6 	32 	38 	16 	78 	94 	285
5:55 PM 	12 	96 	108 	4 	39 	43 	10 	24 	34 	11 	48 	59 	244
6:00 PM 	12 	94 	106 	3 	34 	37 	13 	30 	43 	9 	45 	54 	240
6:05 PM 	12 	102 	114 	0 	28 	28 	5 	13 	18 	11 	48 	59 	219
6:10 PM 	8 	98 	106 	5 	38 	43 	13 	11 	24 	13 	52 	65 	238
6:15 PM 	12 	66 	78 	4 	26 	30 	12 	22 	34 	14 	67 	81 	223
6:20 PM 	12 	95 	107 	4 	35 	39 	9 	23 	32 	18 	84 	102 	280
6:25 PM 	12 	92 	104 	5 	53 	58 	17 	17 	34 	17 	37 	54 	250
6:30 PM 	3 	82 	85 	2 	19 	21 	14 	33 	47 	14 	47 	61 	214
6:35 PM 	7 	115 	122 	2 	17 	19 	9 	12 	21 	20 	55 	75 	237
6:40 PM 	10 	77 	87 	6 	36 	42 	9 	15 	24 	20 	44 	64 	217
6:45 PM 	6 	70 	76 	5 	34 	39 	10 	36 	46 	16 	38 	54 	215
6:50 PM 	7 	72 	79 	3 	29 	32 	9 	26 	35 	13 	55 	68 	214
6:55 PM 	7 	84 	91 	3 	44 	47 	15 	12 	27 	12 	46 	58 	223
7:00 PM 	8 	63 	71 	4 	44 	48 	13 	21 	34 	16 	70 	86 	239
7:05 PM 	12 	77 	89 	5 	31 	36 	10 	37 	47 	11 	53 	64 	236
7:10 PM 	11 	70 	81 	5 	23 	28 	11 	32 	43 	12 	60 	72 	224
7:15 PM 	8 	66 	74 	3 	30 	33 	14 	25 	39 	19 	44 	63 	209
7:20 PM 	11 	71 	82 	6 	26 	32 	15 	24 	39 	9 	38 	47 	200
7:25 PM 	13 	84 	97 	6 	16 	22 	8 	23 	31 	12 	43 	55 	205
7:30 PM 	10 	61 	71 	5 	35 	40 	15 	19 	34 	12 	42 	54 	199
7:35 PM 	7 	68 	75 	5 	35 	40 	17 	31 	48 	15 	64 	79 	242
7:40 PM 	11 	59 	70 	3 	31 	34 	12 	24 	36 	8 	43 	51 	191
7:45 PM 	12 	63 	75 	3 	28 	31 	14 	28 	42 	11 	40 	51 	199
7:50 PM 	8 	50 	58 	8 	38 	46 	10 	17 	27 	11 	53 	64 	195
7:55 PM 	11 	70 	81 	5 	30 	35 	11 	24 	35 	6 	34 	40 	191
8:00 PM 	9 	66 	75 	2 	32 	34 	12 	25 	37 	17 	45 	62 	208
8:05 PM 	5 	52 	57 	3 	32 	35 	9 	32 	41 	13 	57 	70 	203
8:10 PM 	12 	56 	68 	6 	37 	43 	17 	26 	43 	5 	39 	44 	198
8:15 PM 	15 	72 	87 	6 	27 	33 	9 	27 	36 	7 	44 	51 	207
8:20 PM 	7 	69 	76 	2 	30 	32 	9 	23 	32 	12 	55 	67 	207
8:25 PM 	5 	67 	72 	6 	33 	39 	16 	33 	49 	13 	48 	61 	221
8:30 PM 	12 	72 	84 	5 	34 	39 	15 	31 	46 	10 	35 	45 	214
8:35 PM 	6 	55 	61 	3 	35 	38 	17 	24 	41 	15 	43 	58 	198
8:40 PM 	5 	57 	62 	4 	35 	39 	16 	36 	52 	9 	40 	49 	202
8:45 PM 	8 	58 	66 	5 	45 	50 	14 	24 	38 	9 	24 	33 	187
8:50 PM 	10 	49 	59 	5 	33 	38 	11 	22 	33 	10 	41 	51 	181
8:55 PM 	9 	55 	64 	3 	20 	23 	5 	21 	26 	12 	46 	58 	171
9:00 PM 	7 	46 	53 	5 	26 	31 	13 	21 	34 	9 	21 	30 	148
9:05 PM 	5 	59 	64 	6 	32 	38 	11 	24 	35 	6 	31 	37 	174
9:10 PM 	8 	65 	73 	3 	23 	26 	12 	34 	46 	9 	52 	61 	206
9:15 PM 	8 	56 	64 	2 	41 	43 	22 	22 	44 	11 	36 	47 	198
9:20 PM 	6 	47 	53 	5 	31 	36 	13 	25 	38 	9 	23 	32 	159
9:25 PM 	8 	55 	63 	4 	27 	31 	11 	19 	30 	12 	40 	52 	176
9:30 PM 	7 	50 	57 	5 	37 	42 	12 	18 	30 	6 	31 	37 	166
9:35 PM 	7 	55 	62 	5 	51 	56 	12 	25 	37 	9 	30 	39 	194
9:40 PM 	14 	57 	71 	4 	34 	38 	9 	18 	27 	13 	30 	43 	179
9:45 PM 	7 	44 	51 	2 	24 	26 	6 	20 	26 	7 	31 	38 	141
9:50 PM 	12 	42 	54 	6 	31 	37 	12 	13 	25 	6 	26 	32 	148
9:55 PM 	12 	35 	47 	3 	21 	24 	7 	11 	18 	6 	32 	38 	127
10:00 PM 	7 	33 	40 	2 	29 	31 	10 	24 	34 	6 	32 	38 	143
10:05 PM 	16 	59 	75 	3 	23 	26 	9 	28 	37 	9 	39 	48 	186
10:10 PM 	17 	56 	73 	0 	29 	29 	12 	20 	32 	10 	32 	42 	176
10:15 PM 	19 	80 	99 	0 	20 	20 	8 	23 	31 	7 	25 	32 	182
10:20 PM 	16 	56 	72 	2 	29 	31 	11 	18 	29 	10 	27 	37 	169
10:25 PM 	22 	81 	103 	0 	16 	16 	7 	19 	26 	11 	36 	47 	192
10:30 PM 	19 	69 	88 	0 	24 	24 	6 	18 	24 	10 	26 	36 	172
10:35 PM 	19 	111 	130 	3 	19 	22 	7 	21 	28 	4 	30 	34 	214
10:40 PM 	21 	76 	97 	0 	27 	27 	9 	18 	27 	9 	32 	41 	192
10:45 PM 	27 	89 	116 	1 	24 	25 	11 	16 	27 	4 	21 	25 	193
10:50 PM 	14 	67 	81 	3 	25 	28 	14 	19 	33 	4 	20 	24 	166
10:55 PM 	13 	47 	60 	1 	22 	23 	8 	19 	27 	8 	26 	34 	144
11:00 PM 	4 	30 	34 	6 	27 	33 	7 	14 	21 	5 	24 	29 	117
11:05 PM 	10 	57 	67 	4 	20 	24 	11 	21 	32 	9 	25 	34 	157
11:10 PM 	10 	33 	43 	4 	25 	29 	16 	8 	24 	4 	16 	20 	116
11:15 PM 	14 	35 	49 	4 	25 	29 	9 	15 	24 	7 	22 	29 	131
11:20 PM 	6 	38 	44 	1 	39 	40 	12 	14 	26 	8 	12 	20 	130
11:25 PM 	10 	41 	51 	3 	12 	15 	8 	16 	24 	7 	14 	21 	111
11:30 PM 	6 	28 	34 	3 	22 	25 	11 	10 	21 	9 	16 	25 	105
11:35 PM 	5 	25 	30 	4 	23 	27 	12 	14 	26 	7 	21 	28 	111
11:40 PM 	8 	28 	36 	5 	23 	28 	6 	10 	16 	9 	16 	25 	105
11:45 PM 	12 	33 	45 	4 	12 	16 	5 	19 	24 	4 	16 	20 	105
11:50 PM 	8 	35 	43 	2 	13 	15 	4 	13 	17 	7 	15 	22 	97
11:55 PM 	8 	27 	35 	2 	12 	14 	6 	27 	33 	6 	16 	22 	104
Total 	2591 	15776 	18367 	965 	7760 	8725 	2734 	8453 	11187 	2506 	10121 	12627 	50906