
- 	Vehicle
Eastbound 	Westbound 	Northbound 	Southbound 	
L 	T 	Total 	L 	T 	Total 	L 	T 	Total 	L 	T 	Total 	Vehicle Total
12:00 AM 	7 	18 	25 	3 	9 	12 	4 	11 	15 	7 	10 	17 	69
12:05 AM 	12 	39 	51 	3 	12 	15 	8 	19 	27 	7 	14 	21 	114
12:10 AM 	6 	15 	21 	5 	15 	20 	6 	16 	22 	6 	14 	20 	83
12:15 AM 	4 	26 	30 	5 	10 	15 	5 	12 	17 	6 	12 	18 	80
12:20 AM 	7 	27 	34 	2 	12 	14 	2 	9 	11 	6 	8 	14 	73
12:25 AM 	7 	17 	24 	3 	10 	13 	5 	15 	20 	6 	11 	17 	74
12:30 AM 	3 	18 	21 	2 	13 	15 	6 	13 	19 	5 	17 	22 	77
12:35 AM 	4 	16 	20 	4 	13 	17 	5 	12 	17 	8 	15 	23 	77
12:40 AM 	6 	28 	34 	2 	12 	14 	6 	8 	14 	9 	5 	14 	76
12:45 AM 	5 	20 	25 	3 	2 	5 	5 	14 	19 	5 	6 	11 	60
12:50 AM 	4 	22 	26 	3 	12 	15 	2 	22 	24 	4 	7 	11 	76
12:55 AM 	4 	13 	17 	4 	6 	10 	3 	17 	20 	1 	5 	6 	53
1:00 AM 	4 	12 	16 	5 	6 	11 	3 	4 	7 	2 	4 	6 	40
1:05 AM 	3 	20 	23 	5 	5 	10 	5 	6 	11 	7 	6 	13 	57
1:10 AM 	3 	17 	20 	5 	6 	11 	1 	11 	12 	6 	5 	11 	54
1:15 AM 	11 	22 	33 	6 	11 	17 	6 	6 	12 	8 	11 	19 	81
1:20 AM 	3 	15 	18 	3 	9 	12 	3 	4 	7 	4 	3 	7 	44
1:25 AM 	2 	11 	13 	2 	2 	4 	4 	4 	8 	8 	8 	16 	41
1:30 AM 	3 	13 	16 	2 	8 	10 	2 	6 	8 	5 	8 	13 	47
1:35 AM 	3 	10 	13 	1 	9 	10 	3 	8 	11 	5 	7 	12 	46
1:40 AM 	4 	12 	16 	2 	8 	10 	2 	7 	9 	4 	6 	10 	45
1:45 AM 	2 	14 	16 	2 	7 	9 	2 	10 	12 	3 	7 	10 	47
1:50 AM 	3 	14 	17 	4 	2 	6 	2 	10 	12 	4 	6 	10 	45
1:55 AM 	2 	11 	13 	5 	9 	14 	5 	10 	15 	3 	3 	6 	48
2:00 AM 	1 	21 	22 	3 	4 	7 	3 	8 	11 	4 	9 	13 	53
2:05 AM 	5 	10 	15 	6 	6 	12 	5 	7 	12 	0 	8 	8 	47
2:10 AM 	2 	8 	10 	3 	12 	15 	2 	13 	15 	3 	7 	10 	50
2:15 AM 	1 	12 	13 	5 	7 	12 	4 	4 	8 	1 	5 	6 	39
2:20 AM 	4 	15 	19 	2 	3 	5 	2 	6 	8 	2 	4 	6 	38
2:25 AM 	4 	8 	12 	1 	3 	4 	1 	7 	8 	2 	8 	10 	34
2:30 AM 	2 	10 	12 	2 	7 	9 	4 	10 	14 	4 	2 	6 	41
2:35 AM 	4 	13 	17 	3 	2 	5 	0 	12 	12 	1 	7 	8 	42
2:40 AM 	1 	12 	13 	4 	5 	9 	5 	6 	11 	4 	7 	11 	44
2:45 AM 	1 	7 	8 	6 	5 	11 	3 	3 	6 	1 	3 	4 	29
2:50 AM 	0 	6 	6 	2 	8 	10 	3 	8 	11 	3 	2 	5 	32
2:55 AM 	2 	11 	13 	3 	8 	11 	6 	9 	15 	2 	6 	8 	47
3:00 AM 	3 	14 	17 	3 	9 	12 	5 	16 	21 	3 	4 	7 	57
3:05 AM 	1 	8 	9 	5 	7 	12 	4 	7 	11 	2 	9 	11 	43
3:10 AM 	1 	6 	7 	3 	11 	14 	4 	5 	9 	2 	7 	9 	39
3:15 AM 	1 	8 	9 	4 	5 	9 	4 	7 	11 	0 	3 	3 	32
3:20 AM 	3 	7 	10 	2 	4 	6 	2 	4 	6 	4 	6 	10 	32
3:25 AM 	5 	13 	18 	0 	2 	2 	0 	9 	9 	4 	2 	6 	35
3:30 AM 	0 	6 	6 	0 	3 	3 	3 	8 	11 	5 	7 	12 	32
3:35 AM 	1 	5 	6 	0 	3 	3 	1 	6 	7 	3 	6 	9 	25
3:40 AM 	2 	4 	6 	2 	4 	6 	2 	3 	5 	3 	1 	4 	21
3:45 AM 	0 	4 	4 	0 	1 	1 	3 	4 	7 	4 	6 	10 	22
3:50 AM 	1 	2 	3 	1 	4 	5 	0 	2 	2 	3 	3 	6 	16
3:55 AM 	4 	10 	14 	1 	5 	6 	3 	1 	4 	0 	6 	6 	30
4:00 AM 	5 	10 	15 	1 	5 	6 	3 	7 	10 	3 	1 	4 	35
4:05 AM 	3 	5 	8 	1 	2 	3 	0 	5 	5 	1 	4 	5 	21
4:10 AM 	0 	6 	6 	0 	3 	3 	2 	2 	4 	2 	2 	4 	17
4:15 AM 	0 	6 	6 	0 	5 	5 	4 	1 	5 	2 	1 	3 	19
4:20 AM 	1 	3 	4 	0 	0 	0 	0 	2 	2 	4 	2 	6 	12
4:25 AM 	0 	7 	7 	4 	1 	5 	2 	6 	8 	5 	5 	10 	30
4:30 AM 	0 	6 	6 	1 	4 	5 	3 	4 	7 	4 	4 	8 	26
4:35 AM 	1 	7 	8 	1 	3 	4 	5 	7 	12 	4 	3 	7 	31
4:40 AM 	0 	7 	7 	1 	8 	9 	3 	6 	9 	2 	4 	6 	31
4:45 AM 	1 	5 	6 	1 	2 	3 	1 	6 	7 	1 	7 	8 	24
4:50 AM 	3 	10 	13 	1 	4 	5 	1 	3 	4 	6 	7 	13 	35
4:55 AM 	2 	7 	9 	3 	3 	6 	1 	7 	8 	3 	9 	12 	35
5:00 AM 	3 	13 	16 	3 	7 	10 	2 	5 	7 	5 	3 	8 	41
5:05 AM 	2 	4 	6 	1 	2 	3 	1 	6 	7 	3 	3 	6 	22
5:10 AM 	2 	11 	13 	0 	5 	5 	0 	8 	8 	1 	6 	7 	33
5:15 AM 	1 	5 	6 	3 	0 	3 	1 	5 	6 	1 	5 	6 	21
5:20 AM 	1 	4 	5 	0 	3 	3 	1 	4 	5 	4 	4 	8 	21
5:25 AM 	5 	12 	17 	3 	3 	6 	3 	7 	10 	2 	11 	13 	46
5:30 AM 	2 	7 	9 	4 	6 	10 	4 	6 	10 	7 	12 	19 	48
5:35 AM 	0 	3 	3 	2 	4 	6 	3 	10 	13 	1 	6 	7 	29
5:40 AM 	2 	2 	4 	0 	10 	10 	2 	13 	15 	2 	10 	12 	41
5:45 AM 	3 	14 	17 	2 	5 	7 	3 	10 	13 	6 	11 	17 	54
5:50 AM 	2 	14 	16 	1 	9 	10 	1 	9 	10 	4 	15 	19 	55
5:55 AM 	2 	10 	12 	4 	5 	9 	4 	12 	16 	4 	10 	14 	51
6:00 AM 	1 	7 	8 	1 	12 	13 	7 	8 	15 	5 	11 	16 	52
6:05 AM 	0 	10 	10 	5 	13 	18 	6 	6 	12 	6 	12 	18 	58
6:10 AM 	2 	9 	11 	1 	5 	6 	2 	16 	18 	5 	15 	20 	55
6:15 AM 	2 	11 	13 	4 	8 	12 	5 	11 	16 	5 	21 	26 	67
6:20 AM 	7 	16 	23 	2 	15 	17 	10 	8 	18 	4 	22 	26 	84
6:25 AM 	1 	20 	21 	4 	9 	13 	5 	6 	11 	6 	22 	28 	73
6:30 AM 	5 	15 	20 	3 	13 	16 	4 	9 	13 	5 	43 	48 	97
6:35 AM 	5 	21 	26 	2 	15 	17 	8 	12 	20 	8 	24 	32 	95
6:40 AM 	6 	18 	24 	1 	21 	22 	4 	15 	19 	6 	21 	27 	92
6:45 AM 	4 	26 	30 	5 	21 	26 	8 	11 	19 	6 	38 	44 	119
6:50 AM 	6 	28 	34 	5 	13 	18 	6 	22 	28 	9 	40 	49 	129
6:55 AM 	3 	26 	29 	3 	16 	19 	7 	16 	23 	9 	32 	41 	112
7:00 AM 	11 	38 	49 	5 	26 	31 	8 	19 	27 	9 	30 	39 	146
7:05 AM 	3 	34 	37 	3 	13 	16 	8 	16 	24 	11 	39 	50 	127
7:10 AM 	14 	48 	62 	6 	18 	24 	7 	17 	24 	5 	47 	52 	162
7:15 AM 	4 	28 	32 	5 	28 	33 	8 	12 	20 	6 	38 	44 	129
7:20 AM 	10 	40 	50 	3 	31 	34 	8 	22 	30 	8 	33 	41 	155
7:25 AM 	12 	48 	60 	6 	34 	40 	15 	15 	30 	9 	34 	43 	173
7:30 AM 	11 	37 	48 	8 	43 	51 	21 	27 	48 	9 	73 	82 	229
7:35 AM 	14 	63 	77 	5 	20 	25 	14 	22 	36 	6 	47 	53 	191
7:40 AM 	13 	65 	78 	3 	38 	41 	14 	34 	48 	11 	34 	45 	212
7:45 AM 	11 	68 	79 	6 	36 	42 	10 	25 	35 	5 	35 	40 	196
7:50 AM 	20 	87 	107 	7 	40 	47 	14 	28 	42 	11 	50 	61 	257
7:55 AM 	17 	73 	90 	5 	39 	44 	10 	25 	35 	8 	43 	51 	220
8:00 AM 	14 	56 	70 	5 	40 	45 	9 	18 	27 	8 	32 	40 	182
8:05 AM 	12 	65 	77 	4 	35 	39 	16 	17 	33 	5 	62 	67 	216
8:10 AM 	7 	59 	66 	4 	32 	36 	16 	11 	27 	6 	31 	37 	166
8:15 AM 	9 	52 	61 	3 	30 	33 	20 	35 	55 	17 	50 	67 	216
8:20 AM 	13 	58 	71 	5 	40 	45 	17 	25 	42 	6 	43 	49 	207
8:25 AM 	12 	59 	71 	3 	46 	49 	10 	23 	33 	7 	33 	40 	193
8:30 AM 	9 	61 	70 	7 	35 	42 	16 	32 	48 	9 	38 	47 	207
8:35 AM 	13 	64 	77 	8 	55 	63 	13 	36 	49 	7 	30 	37 	226
8:40 AM 	12 	54 	66 	5 	47 	52 	13 	26 	39 	7 	36 	43 	200
8:45 AM 	12 	73 	85 	5 	41 	46 	11 	23 	34 	13 	45 	58 	223
8:50 AM 	11 	55 	66 	3 	21 	24 	12 	32 	44 	9 	52 	61 	195
8:55 AM 	8 	49 	57 	6 	26 	32 	11 	35 	46 	7 	51 	58 	193
9:00 AM 	11 	62 	73 	8 	29 	37 	11 	29 	40 	12 	38 	50 	200
9:05 AM 	13 	77 	90 	4 	39 	43 	11 	17 	28 	14 	50 	64 	225
9:10 AM 	10 	63 	73 	5 	28 	33 	7 	23 	30 	8 	39 	47 	183
9:15 AM 	8 	64 	72 	5 	33 	38 	8 	22 	30 	4 	35 	39 	179
9:20 AM 	10 	48 	58 	5 	39 	44 	15 	27 	42 	6 	36 	42 	186
9:25 AM 	14 	60 	74 	5 	32 	37 	9 	12 	21 	8 	52 	60 	192
9:30 AM 	9 	52 	61 	3 	34 	37 	15 	29 	44 	8 	41 	49 	191
9:35 AM 	14 	66 	80 	3 	31 	34 	14 	37 	51 	9 	47 	56 	221
9:40 AM 	13 	78 	91 	4 	39 	43 	10 	30 	40 	9 	36 	45 	219
9:45 AM 	15 	67 	82 	2 	25 	27 	15 	19 	34 	10 	33 	43 	186
9:50 AM 	15 	62 	77 	5 	36 	41 	10 	21 	31 	12 	43 	55 	204
9:55 AM 	16 	60 	76 	6 	41 	47 	13 	31 	44 	6 	37 	43 	210
10:00 AM 	15 	42 	57 	2 	36 	38 	15 	20 	35 	8 	37 	45 	175
10:05 AM 	14 	55 	69 	4 	27 	31 	11 	39 	50 	8 	36 	44 	194
10:10 AM 	6 	47 	53 	4 	33 	37 	13 	25 	38 	8 	40 	48 	176
10:15 AM 	10 	49 	59 	8 	28 	36 	11 	28 	39 	10 	41 	51 	185
10:20 AM 	9 	65 	74 	5 	36 	41 	6 	27 	33 	13 	53 	66 	214
10:25 AM 	12 	54 	66 	4 	25 	29 	8 	47 	55 	11 	45 	56 	206
10:30 AM 	12 	48 	60 	7 	29 	36 	16 	26 	42 	13 	42 	55 	193
10:35 AM 	13 	62 	75 	2 	33 	35 	19 	33 	52 	6 	24 	30 	192
10:40 AM 	10 	46 	56 	2 	35 	37 	15 	43 	58 	5 	32 	37 	188
10:45 AM 	13 	64 	77 	6 	43 	49 	19 	32 	51 	9 	44 	53 	230
10:50 AM 	14 	59 	73 	4 	35 	39 	11 	25 	36 	9 	51 	60 	208
10:55 AM 	11 	54 	65 	6 	36 	42 	14 	40 	54 	17 	42 	59 	220
11:00 AM 	15 	70 	85 	4 	38 	42 	13 	30 	43 	13 	45 	58 	228
11:05 AM 	12 	70 	82 	5 	33 	38 	8 	20 	28 	9 	36 	45 	193
11:10 AM 	6 	61 	67 	5 	46 	51 	7 	26 	33 	5 	41 	46 	197
11:15 AM 	13 	65 	78 	6 	41 	47 	10 	27 	37 	11 	37 	48 	210
11:20 AM 	13 	73 	86 	2 	34 	36 	8 	36 	44 	6 	40 	46 	212
11:25 AM 	7 	65 	72 	5 	38 	43 	12 	28 	40 	16 	47 	63 	218
11:30 AM 	14 	76 	90 	3 	32 	35 	14 	28 	42 	9 	40 	49 	216
11:35 AM 	10 	63 	73 	7 	39 	46 	12 	30 	42 	8 	40 	48 	209
11:40 AM 	11 	63 	74 	2 	36 	38 	7 	35 	42 	11 	47 	58 	212
11:45 AM 	16 	85 	101 	4 	36 	40 	10 	35 	45 	13 	43 	56 	242
11:50 AM 	14 	79 	93 	5 	40 	45 	11 	22 	33 	10 	43 	53 	224
11:55 AM 	12 	71 	83 	3 	46 	49 	12 	30 	42 	11 	47 	58 	232
12:00 PM 	7 	69 	76 	3 	50 	53 	13 	36 	49 	7 	33 	40 	218
12:05 PM 	14 	73 	87 	3 	33 	36 	6 	36 	42 	6 	48 	54 	219
12:10 PM 	9 	77 	86 	3 	41 	44 	14 	36 	50 	11 	50 	61 	241
12:15 PM 	7 	72 	79 	3 	38 	41 	8 	29 	37 	13 	43 	56 	213
12:20 PM 	22 	95 	117 	2 	44 	46 	17 	22 	39 	12 	44 	56 	258
12:25 PM 	7 	72 	79 	3 	43 	46 	14 	25 	39 	12 	50 	62 	226
12:30 PM 	7 	83 	90 	5 	44 	49 	14 	16 	30 	9 	36 	45 	214
12:35 PM 	12 	77 	89 	5 	45 	50 	16 	25 	41 	6 	28 	34 	214
12:40 PM 	18 	71 	89 	3 	36 	39 	14 	25 	39 	18 	27 	45 	212
12:45 PM 	13 	82 	95 	6 	40 	46 	12 	35 	47 	8 	54 	62 	250
12:50 PM 	13 	78 	91 	2 	34 	36 	12 	38 	50 	11 	57 	68 	245
12:55 PM 	15 	72 	87 	2 	33 	35 	16 	36 	52 	17 	56 	73 	247
1:00 PM 	12 	81 	93 	3 	43 	46 	18 	20 	38 	12 	50 	62 	239
1:05 PM 	16 	86 	102 	3 	39 	42 	16 	35 	51 	12 	56 	68 	263
1:10 PM 	20 	88 	108 	8 	41 	49 	10 	33 	43 	7 	45 	52 	252
1:15 PM 	14 	77 	91 	5 	43 	48 	10 	27 	37 	7 	41 	48 	224
1:20 PM 	8 	66 	74 	5 	43 	48 	14 	29 	43 	7 	37 	44 	209
1:25 PM 	6 	60 	66 	6 	32 	38 	11 	36 	47 	7 	50 	57 	208
1:30 PM 	5 	86 	91 	6 	23 	29 	7 	37 	44 	15 	45 	60 	224
1:35 PM 	7 	82 	89 	4 	30 	34 	12 	30 	42 	14 	58 	72 	237
1:40 PM 	8 	98 	106 	3 	48 	51 	17 	36 	53 	10 	53 	63 	273
1:45 PM 	9 	87 	96 	4 	35 	39 	13 	27 	40 	13 	44 	57 	232
1:50 PM 	22 	98 	120 	3 	41 	44 	11 	22 	33 	14 	64 	78 	275
1:55 PM 	20 	88 	108 	3 	37 	40 	11 	30 	41 	7 	37 	44 	233
2:00 PM 	17 	79 	96 	5 	38 	43 	18 	25 	43 	12 	41 	53 	235
2:05 PM 	9 	75 	84 	6 	34 	40 	19 	29 	48 	10 	49 	59 	231
2:10 PM 	11 	84 	95 	3 	30 	33 	13 	35 	48 	16 	51 	67 	243
2:15 PM 	11 	76 	87 	4 	37 	41 	12 	27 	39 	13 	70 	83 	250
2:20 PM 	10 	101 	111 	5 	36 	41 	10 	40 	50 	14 	59 	73 	275
2:25 PM 	11 	111 	122 	6 	30 	36 	8 	25 	33 	7 	45 	52 	243
2:30 PM 	19 	87 	106 	6 	44 	50 	11 	28 	39 	10 	34 	44 	239
2:35 PM 	15 	86 	101 	3 	39 	42 	17 	33 	50 	7 	37 	44 	237
2:40 PM 	10 	103 	113 	3 	44 	47 	16 	32 	48 	4 	33 	37 	245
2:45 PM 	9 	82 	91 	5 	37 	42 	12 	40 	52 	13 	59 	72 	257
2:50 PM 	12 	92 	104 	7 	27 	34 	16 	20 	36 	12 	55 	67 	241
2:55 PM 	8 	77 	85 	7 	26 	33 	12 	28 	40 	8 	47 	55 	213
3:00 PM 	11 	96 	107 	3 	34 	37 	9 	38 	47 	9 	59 	68 	259
3:05 PM 	11 	93 	104 	4 	36 	40 	12 	26 	38 	7 	53 	60 	242
3:10 PM 	13 	135 	148 	4 	39 	43 	15 	23 	38 	4 	40 	44 	273
3:15 PM 	16 	218 	234 	6 	62 	68 	17 	54 	71 	8 	111 	119 	492
3:20 PM 	36 	194 	230 	8 	86 	94 	26 	78 	104 	14 	76 	90 	518
3:25 PM 	30 	222 	252 	0 	54 	54 	18 	70 	88 	12 	116 	128 	522
3:30 PM 	14 	202 	216 	14 	64 	78 	22 	44 	66 	8 	104 	112 	472
3:35 PM 	18 	240 	258 	4 	36 	40 	12 	46 	58 	6 	122 	128 	484
3:40 PM 	18 	232 	250 	8 	66 	74 	10 	42 	52 	8 	92 	100 	476
3:45 PM 	9 	96 	105 	2 	26 	28 	12 	46 	58 	9 	44 	53 	244
3:50 PM 	7 	71 	78 	4 	38 	42 	10 	22 	32 	11 	61 	72 	224
3:55 PM 	10 	134 	144 	4 	62 	66 	16 	19 	35 	16 	48 	64 	309
4:00 PM 	24 	146 	170 	8 	84 	92 	30 	42 	72 	18 	76 	94 	428
4:05 PM 	14 	194 	208 	12 	60 	72 	18 	34 	52 	22 	148 	170 	502
4:10 PM 	24 	156 	180 	7 	53 	60 	22 	34 	56 	18 	71 	89 	385
4:15 PM 	21 	111 	132 	6 	44 	50 	18 	27 	45 	11 	37 	48 	275
4:20 PM 	16 	190 	206 	2 	80 	82 	18 	40 	58 	46 	76 	122 	468
4:25 PM 	14 	128 	142 	9 	63 	72 	20 	18 	38 	14 	44 	58 	310
4:30 PM 	23 	202 	225 	2 	61 	63 	22 	52 	74 	22 	71 	93 	455
4:35 PM 	15 	124 	139 	3 	31 	34 	8 	27 	35 	18 	76 	94 	302
4:40 PM 	29 	190 	219 	8 	68 	76 	22 	62 	84 	20 	78 	98 	477
4:45 PM 	12 	76 	88 	1 	35 	36 	13 	17 	30 	12 	59 	71 	225
4:50 PM 	6 	83 	89 	2 	42 	44 	11 	26 	37 	7 	60 	67 	237
4:55 PM 	12 	83 	95 	3 	37 	40 	9 	17 	26 	11 	54 	65 	226
5:00 PM 	14 	178 	192 	8 	68 	76 	26 	72 	98 	12 	104 	116 	482
5:05 PM 	32 	197 	229 	4 	46 	50 	16 	46 	62 	24 	94 	118 	459
5:10 PM 	23 	191 	214 	2 	88 	90 	22 	48 	70 	11 	95 	106 	480
5:15 PM 	8 	90 	98 	6 	48 	54 	15 	26 	41 	9 	31 	40 	233
5:20 PM 	11 	123 	134 	3 	23 	26 	8 	33 	41 	19 	63 	82 	283
5:25 PM 	8 	93 	101 	9 	17 	26 	12 	16 	28 	14 	65 	79 	234
5:30 PM 	9 	70 	79 	3 	16 	19 	10 	32 	42 	11 	66 	77 	217
5:35 PM 	5 	77 	82 	6 	29 	35 	12 	25 	37 	14 	56 	70 	224
5:40 PM 	13 	83 	96 	2 	44 	46 	6 	20 	26 	15 	55 	70 	238
5:45 PM 	9 	61 	70 	7 	37 	44 	20 	30 	50 	11 	55 	66 	230
5:50 PM 	6 	58 	64 	4 	28 	32 	10 	22 	32 	12 	76 	88 	216
5:55 PM 	7 	75 	82 	3 	41 	44 	14 	16 	30 	11 	54 	65 	221
6:00 PM 	6 	65 	71 	8 	34 	42 	10 	30 	40 	15 	47 	62 	215
6:05 PM 	4 	79 	83 	5 	19 	24 	3 	30 	33 	17 	60 	77 	217
6:10 PM 	11 	86 	97 	4 	44 	48 	15 	13 	28 	7 	27 	34 	207
6:15 PM 	11 	74 	85 	8 	39 	47 	14 	19 	33 	15 	52 	67 	232
6:20 PM 	7 	87 	94 	3 	24 	27 	7 	8 	15 	12 	62 	74 	210
6:25 PM 	12 	86 	98 	5 	38 	43 	15 	20 	35 	10 	40 	50 	226
6:30 PM 	8 	74 	82 	4 	35 	39 	13 	33 	46 	14 	46 	60 	227
6:35 PM 	18 	145 	163 	6 	28 	34 	12 	38 	50 	34 	95 	129 	376
6:40 PM 	28 	146 	174 	10 	74 	84 	26 	30 	56 	44 	96 	140 	454
6:45 PM 	11 	86 	97 	4 	27 	31 	13 	54 	67 	21 	75 	96 	291
6:50 PM 	7 	82 	89 	1 	28 	29 	6 	16 	22 	17 	55 	72 	212
6:55 PM 	10 	91 	101 	4 	39 	43 	9 	19 	28 	18 	45 	63 	235
7:00 PM 	10 	67 	77 	4 	30 	34 	12 	32 	44 	11 	54 	65 	220
7:05 PM 	9 	68 	77 	5 	46 	51 	13 	34 	47 	10 	47 	57 	232
7:10 PM 	10 	69 	79 	6 	34 	40 	18 	21 	39 	12 	47 	59 	217
7:15 PM 	12 	68 	80 	2 	26 	28 	9 	35 	44 	20 	38 	58 	210
7:20 PM 	16 	74 	90 	4 	31 	35 	11 	27 	38 	6 	54 	60 	223
7:25 PM 	10 	64 	74 	4 	30 	34 	11 	24 	35 	16 	40 	56 	199
7:30 PM 	11 	60 	71 	4 	41 	45 	14 	27 	41 	9 	58 	67 	224
7:35 PM 	12 	75 	87 	6 	43 	49 	11 	28 	39 	14 	58 	72 	247
7:40 PM 	13 	59 	72 	2 	50 	52 	15 	25 	40 	9 	52 	61 	225
7:45 PM 	8 	64 	72 	6 	47 	53 	13 	25 	38 	12 	48 	60 	223
7:50 PM 	18 	81 	99 	4 	26 	30 	14 	26 	40 	21 	57 	78 	247
7:55 PM 	4 	46 	50 	3 	24 	27 	12 	30 	42 	9 	42 	51 	170
8:00 PM 	10 	78 	88 	5 	31 	36 	13 	19 	32 	8 	40 	48 	204
8:05 PM 	5 	85 	90 	6 	34 	40 	13 	30 	43 	15 	56 	71 	244
8:10 PM 	8 	57 	65 	5 	35 	40 	12 	36 	48 	10 	38 	48 	201
8:15 PM 	6 	65 	71 	7 	42 	49 	15 	22 	37 	13 	42 	55 	212
8:20 PM 	12 	61 	73 	4 	47 	51 	16 	22 	38 	14 	51 	65 	227
8:25 PM 	7 	66 	73 	5 	34 	39 	17 	41 	58 	11 	36 	47 	217
8:30 PM 	17 	58 	75 	4 	30 	34 	23 	26 	49 	6 	33 	39 	197
8:35 PM 	8 	58 	66 	3 	38 	41 	15 	26 	41 	10 	56 	66 	214
8:40 PM 	9 	52 	61 	1 	23 	24 	13 	18 	31 	13 	37 	50 	166
8:45 PM 	6 	59 	65 	7 	27 	34 	12 	25 	37 	9 	41 	50 	186
8:50 PM 	8 	50 	58 	7 	28 	35 	10 	26 	36 	9 	44 	53 	182
8:55 PM 	8 	60 	68 	3 	23 	26 	11 	22 	33 	11 	39 	50 	177
9:00 PM 	8 	52 	60 	4 	38 	42 	12 	26 	38 	11 	27 	38 	178
9:05 PM 	9 	56 	65 	6 	31 	37 	16 	19 	35 	13 	38 	51 	188
9:10 PM 	9 	65 	74 	7 	36 	43 	16 	30 	46 	13 	35 	48 	211
9:15 PM 	7 	47 	54 	4 	45 	49 	16 	29 	45 	5 	24 	29 	177
9:20 PM 	12 	38 	50 	6 	30 	36 	15 	16 	31 	7 	37 	44 	161
9:25 PM 	8 	49 	57 	8 	47 	55 	8 	13 	21 	12 	47 	59 	192
9:30 PM 	6 	54 	60 	6 	36 	42 	13 	12 	25 	9 	27 	36 	163
9:35 PM 	6 	62 	68 	5 	44 	49 	15 	12 	27 	9 	27 	36 	180
9:40 PM 	10 	55 	65 	5 	37 	42 	14 	17 	31 	12 	41 	53 	191
9:45 PM 	8 	39 	47 	4 	24 	28 	11 	16 	27 	12 	32 	44 	146
9:50 PM 	13 	70 	83 	1 	40 	41 	11 	20 	31 	5 	24 	29 	184
9:55 PM 	20 	95 	115 	2 	23 	25 	7 	20 	27 	4 	36 	40 	207
10:00 PM 	19 	102 	121 	0 	22 	22 	10 	22 	32 	2 	21 	23 	198
10:05 PM 	26 	122 	148 	0 	32 	32 	10 	18 	28 	1 	30 	31 	239
10:10 PM 	8 	95 	103 	0 	30 	30 	13 	20 	33 	1 	33 	34 	200
10:15 PM 	11 	92 	103 	0 	21 	21 	9 	20 	29 	3 	24 	27 	180
10:20 PM 	12 	87 	99 	0 	26 	26 	10 	17 	27 	3 	22 	25 	177
10:25 PM 	11 	82 	93 	1 	25 	26 	10 	20 	30 	3 	17 	20 	169
10:30 PM 	12 	64 	76 	0 	35 	35 	5 	27 	32 	9 	40 	49 	192
10:35 PM 	13 	64 	77 	0 	24 	24 	8 	14 	22 	10 	38 	48 	171
10:40 PM 	10 	71 	81 	1 	29 	30 	19 	18 	37 	7 	23 	30 	178
10:45 PM 	17 	74 	91 	1 	26 	27 	6 	18 	24 	15 	22 	37 	179
10:50 PM 	14 	55 	69 	1 	40 	41 	15 	27 	42 	6 	27 	33 	185
10:55 PM 	16 	94 	110 	0 	30 	30 	7 	23 	30 	10 	42 	52 	222
11:00 PM 	12 	61 	73 	0 	21 	21 	9 	17 	26 	8 	28 	36 	156
11:05 PM 	15 	46 	61 	2 	13 	15 	7 	22 	29 	11 	29 	40 	145
11:10 PM 	10 	60 	70 	1 	35 	36 	9 	24 	33 	6 	31 	37 	176
11:15 PM 	15 	65 	80 	2 	17 	19 	10 	17 	27 	26 	17 	43 	169
11:20 PM 	17 	70 	87 	1 	25 	26 	6 	23 	29 	9 	19 	28 	170
11:25 PM 	16 	68 	84 	2 	17 	19 	9 	22 	31 	13 	31 	44 	178
11:30 PM 	15 	54 	69 	3 	32 	35 	8 	16 	24 	5 	20 	25 	153
11:35 PM 	13 	56 	69 	1 	22 	23 	4 	20 	24 	13 	27 	40 	156
11:40 PM 	9 	56 	65 	2 	16 	18 	9 	14 	23 	9 	28 	37 	143
11:45 PM 	13 	52 	65 	2 	14 	16 	6 	14 	20 	11 	16 	27 	128
11:50 PM 	11 	46 	57 	1 	33 	34 	10 	14 	24 	7 	22 	29 	144
11:55 PM 	11 	35 	46 	4 	25 	29 	6 	21 	27 	7 	23 	30 	132
Total 	2739 	17495 	20234 	1081 	8065 	9146 	2873 	6342 	9215 	2568 	10367 	12935 	51530